200
2 53 72 73 78 195 95
4 6 10 12 15 18 21 23 24 25 26 28 29 30 32 33 34 37 43 45 47 52 53 54 55 57 59 62 66 68 70 71 72 74 75 78 80 81 82 84 86 92 93 96 97 98 100 102 103 104 105 107 108 110 119 121 123 124 126 130 133 134 135 139 145 147 148 151 154 155 159 161 163 164 166 167 172 174 178 182 186 187 188 189 190 191 195 196 65
2 4 8 16 17 20 21 23 29 35 37 38 39 40 45 47 49 51 53 57 58 59 61 66 68 71 74 76 78 79 83 86 87 88 89 91 95 97 100 103 110 115 117 123 126 127 130 132 133 135 139 149 157 162 163 164 165 166 170 174 176 190 200 21
11 17 19 20 21 22 29 38 42 43 44 47 49 50 57 63 65 66 67 72 77 78 80 83 84 87 88 90 92 95 96 97 103 105 107 115 120 121 128 136 145 153 154 155 159 161 162 165 166 169 172 173 175 176 180 182 194 196 198 97
1 2 4 5 6 7 8 10 14 15 16 18 19 20 22 24 25 26 27 28 31 32 33 34 35 36 37 38 40 41 42 43 44 46 47 49 50 51 52 54 55 57 58 59 60 61 62 64 65 66 67 68 69 70 71 74 75 77 78 79 81 83 84 86 87 88 90 91 94 95 96 97 98 99 100 101 102 104 105 106 107 108 109 110 111 112 113 114 115 117 118 119 120 121 123 124 125 126 127 128 131 133 134 135 136 139 140 141 142 143 144 145 147 148 149 150 151 155 156 158 159 162 164 165 167 168 169 170 171 172 173 174 175 176 179 181 182 183 184 186 187 191 192 193 194 195 196 199 200 27
11 12 14 15 16 20 26 29 31 34 38 41 48 49 52 55 57 58 59 62 68 69 78 79 81 89 91 99 100 103 109 112 118 123 132 137 143 146 147 150 151 154 156 157 173 174 175 178 183 188 189 190 191 193 194 195 196 199 77
1 2 3 4 5 6 7 8 9 10 11 12 14 15 16 17 18 20 22 23 24 25 26 28 29 30 31 32 33 35 36 38 39 40 41 42 43 44 45 46 48 49 50 52 57 58 60 61 63 65 68 69 70 71 73 74 75 76 79 84 92 93 94 95 98 100 101 102 103 104 106 108 111 112 113 115 116 117 118 119 120 123 124 125 126 128 129 130 131 132 136 137 138 141 142 143 145 146 149 151 152 153 155 156 157 158 159 160 163 165 166 168 169 170 172 174 175 177 178 180 182 184 185 188 190 191 192 194 196 197 198 32
1 2 3 4 5 6 7 8 9 10 11 12 13 14 15 16 17 18 19 20 21 22 23 26 27 28 29 31 32 33 34 35 36 37 38 39 40 41 42 43 44 45 46 47 48 49 50 51 52 53 55 56 57 58 59 60 61 62 63 64 65 66 67 68 69 70 73 74 75 76 77 78 79 80 82 83 84 86 87 88 89 90 91 92 93 95 96 97 98 99 100 101 102 103 104 105 106 107 108 109 110 111 112 113 114 115 116 117 118 119 120 121 122 123 124 126 127 128 129 130 131 132 133 134 135 136 137 139 140 141 142 143 144 145 146 147 148 149 150 151 152 153 154 155 156 157 158 159 160 161 162 163 164 165 166 167 168 169 170 171 172 173 174 175 176 177 178 179 180 181 182 183 184 185 186 187 188 189 190 191 194 195 196 197 198 199 200 22
2 3 20 21 22 23 31 34 37 39 47 48 49 56 61 64 76 85 90 91 94 95 98 105 110 112 120 121 126 134 139 141 146 147 149 151 153 157 159 165 167 172 173 174 175 182 183 189 192 195 196 197 94
